-1;0;-2;0;1;985995350
-1;0;-2;0;2;985995350
-1;0;-2;0;3;985995350
-1;0;-2;0;4;985995350
-1;0;-2;0;5;985995350
-1;0;-2;0;6;1086300619
-1;0;-2;0;7;1086300619
-1;0;-2;0;8;1086300619
-1;0;-2;0;9;1086300619
-1;0;-2;0;10;1086300619
-1;0;-2;0;11;1487395834
-1;0;-2;0;12;1487395834
-1;0;-2;0;13;1487395834
-1;0;-2;0;14;1487395834
-1;0;-2;0;15;1487395834
-1;0;-2;0;16;768791634
-1;0;-2;0;17;768791634
-1;0;-2;0;18;768791634
-1;0;-2;0;19;768791634
-1;0;-2;0;20;768791634
-1;0;-2;0;21;2289539570
-1;0;-2;0;22;2289539570
-1;0;-2;0;23;2289539570
-1;0;-2;0;24;2289539570
-1;0;-2;0;25;2289539570
-1;0;-2;0;26;3442651364
-1;0;-2;0;27;3442651364
-1;0;-2;0;28;3442651364
-1;0;-2;0;29;3442651364
-1;0;-2;0;30;3442651364
-1;0;-2;0;31;2089000446
-1;0;-2;0;32;2089000446
-1;0;-2;0;33;2089000446
-1;0;-2;0;34;2089000446
-1;0;-2;0;35;2089000446
-1;0;-2;0;36;2991415170
-1;0;-2;0;37;2991415170
-1;0;-2;0;38;2991415170
-1;0;-2;0;39;2991415170
-1;0;-2;0;40;2991415170
-1;0;-2;0;41;2807624282
-1;0;-2;0;42;2807624282
-1;0;-2;0;43;2807624282
-1;0;-2;0;44;2807624282
-1;0;-2;0;45;2807624282
-1;0;-2;0;46;818924828
-1;0;-2;0;47;818924828
-1;0;-2;0;48;818924828
-1;0;-2;0;49;818924828
-1;0;-2;0;50;818924828
-1;0;-2;0;51;1036149801
-1;0;-2;0;52;1036149801
-1;0;-2;0;53;1036149801
-1;0;-2;0;54;1036149801
-1;0;-2;0;55;1036149801
-1;0;-2;0;56;1520805256
-1;0;-2;0;57;1520805256
-1;0;-2;0;58;1520805256
-1;0;-2;0;59;1520805256
-1;0;-2;0;60;1520805256
-1;0;-2;0;61;818904300
-1;0;-2;0;62;818904300
-1;0;-2;0;63;818904300
-1;0;-2;0;64;818904300
-1;0;-2;0;65;818904300
-1;0;-2;0;66;50156013
-1;0;-2;0;67;50156013
-1;0;-2;0;68;50156013
-1;0;-2;0;69;50156013
-1;0;-2;0;70;50156013
-1;0;-2;0;71;869042031
-1;0;-2;0;72;869042031
-1;0;-2;0;73;869042031
-1;0;-2;0;74;869042031
-1;0;-2;0;75;869042031
-1;0;-2;0;76;3175284150
-1;0;-2;0;77;3175284150
-1;0;-2;0;78;3175284150
-1;0;-2;0;79;3175284150
-1;0;-2;0;80;3175284150
-1;0;-2;0;81;3108408886
-1;0;-2;0;82;3108408886
-1;0;-2;0;83;3108408886
-1;0;-2;0;84;3108408886
-1;0;-2;0;85;3108408886
-1;0;-2;0;86;3693319167
-1;0;-2;0;87;3693319167
-1;0;-2;0;88;3693319167
-1;0;-2;0;89;3693319167
-1;0;-2;0;90;3693319167
-1;0;-2;0;91;4111097585
-1;0;-2;0;92;4111097585
-1;0;-2;0;93;4111097585
-1;0;-2;0;94;4111097585
-1;0;-2;0;95;4111097585
-1;0;-2;0;96;1921892104
-1;0;-2;0;97;1921892104
-1;0;-2;0;98;1921892104
-1;0;-2;0;99;1921892104
-1;0;-2;0;100;1921892104
-1;0;-2;0;101;3676602734
-1;0;-2;0;102;3676602734
-1;0;-2;0;103;3676602734
-1;0;-2;0;104;3676602734
-1;0;-2;0;105;3676602734
-1;0;-2;0;106;1420553253
-1;0;-2;0;107;1420553253
-1;0;-2;0;108;1420553253
-1;0;-2;0;109;1420553253
-1;0;-2;0;110;1420553253
-1;0;-2;0;111;501367551
-1;0;-2;0;112;501367551
-1;0;-2;0;113;501367551
-1;0;-2;0;114;501367551
-1;0;-2;0;115;501367551
-1;0;-2;0;116;334251178
-1;0;-2;0;117;334251178
-1;0;-2;0;118;334251178
-1;0;-2;0;119;334251178
-1;0;-2;0;120;334251178
-1;0;-2;0;121;785493241
-1;0;-2;0;122;785493241
-1;0;-2;0;123;785493241
-1;0;-2;0;124;785493241
-1;0;-2;0;125;785493241
-1;0;-2;0;126;66892767
-1;0;-2;0;127;66892767
-1;0;-2;0;128;66892767
-1;0;-2;0;129;66892767
-1;0;-2;0;130;66892767
-1;0;-2;0;131;1119718036
-1;0;-2;0;132;1119718036
-1;0;-2;0;133;1119718036
-1;0;-2;0;134;1119718036
-1;0;-2;0;135;1119718036
-1;0;-2;0;136;935912431
-1;0;-2;0;137;935912431
-1;0;-2;0;138;935912431
-1;0;-2;0;139;935912431
-1;0;-2;0;140;935912431
-1;0;-2;0;141;1253402856
-1;0;-2;0;142;1253402856
-1;0;-2;0;143;1253402856
-1;0;-2;0;144;1253402856
-1;0;-2;0;145;1253402856
-1;0;-2;0;146;2172534871
-1;0;-2;0;147;2172534871
-1;0;-2;0;148;2172534871
-1;0;-2;0;149;2172534871
-1;0;-2;0;150;2172534871
-1;0;-2;0;151;4211380181
-1;0;-2;0;152;4211380181
-1;0;-2;0;153;4211380181
-1;0;-2;0;154;4211380181
-1;0;-2;0;155;4211380181
-1;0;-2;0;156;1972041176
-1;0;-2;0;157;1972041176
-1;0;-2;0;158;1972041176
-1;0;-2;0;159;1972041176
-1;0;-2;0;160;1972041176
-1;0;-2;0;161;3342339191
-1;0;-2;0;162;3342339191
-1;0;-2;0;163;3342339191
-1;0;-2;0;164;3342339191
-1;0;-2;0;165;3342339191
-1;0;-2;0;166;1721363557
-1;0;-2;0;167;1721363557
-1;0;-2;0;168;1721363557
-1;0;-2;0;169;1721363557
-1;0;-2;0;170;1721363557
-1;0;-2;0;171;3793594389
-1;0;-2;0;172;3793594389
-1;0;-2;0;173;3793594389
-1;0;-2;0;174;3793594389
-1;0;-2;0;175;3793594389
-1;0;-2;0;176;1738068244
-1;0;-2;0;177;1738068244
-1;0;-2;0;178;1738068244
-1;0;-2;0;179;1738068244
-1;0;-2;0;180;1738068244
-1;0;-2;0;181;1036185742
-1;0;-2;0;182;1036185742
-1;0;-2;0;183;1036185742
-1;0;-2;0;184;1036185742
-1;0;-2;0;185;1036185742
-1;0;-2;0;186;1253379723
-1;0;-2;0;187;1253379723
-1;0;-2;0;188;1253379723
-1;0;-2;0;189;1253379723
-1;0;-2;0;190;1253379723
-1;0;-2;0;191;2373070416
-1;0;-2;0;192;2373070416
-1;0;-2;0;193;2373070416
-1;0;-2;0;194;2373070416
-1;0;-2;0;195;2373070416
-1;0;-2;0;196;2740768761
-1;0;-2;0;197;2740768761
-1;0;-2;0;198;2740768761
-1;0;-2;0;199;2740768761
-1;0;-2;0;200;2740768761
-1;0;-2;0;201;1153134017
-1;0;-2;0;202;1153134017
-1;0;-2;0;203;1153134017
-1;0;-2;0;204;1153134017
-1;0;-2;0;205;1153134017
-1;0;-2;0;206;3308978042
-1;0;-2;0;207;3308978042
-1;0;-2;0;208;3308978042
-1;0;-2;0;209;3308978042
-1;0;-2;0;210;3308978042
-1;0;-2;0;211;2506782899
-1;0;-2;0;212;2506782899
-1;0;-2;0;213;2506782899
-1;0;-2;0;214;2506782899
-1;0;-2;0;215;2506782899
-1;0;-2;0;216;3258796176
-1;0;-2;0;217;3258796176
-1;0;-2;0;218;3258796176
-1;0;-2;0;219;3258796176
-1;0;-2;0;220;3258796176
-1;0;-2;0;221;1955322577
-1;0;-2;0;222;1955322577
-1;0;-2;0;223;1955322577
-1;0;-2;0;224;1955322577
-1;0;-2;0;225;1955322577
-1;0;-2;0;226;1871713933
-1;0;-2;0;227;1871713933
-1;0;-2;0;228;1871713933
-1;0;-2;0;229;1871713933
-1;0;-2;0;230;1871713933
-1;0;-2;0;231;2473385875
-1;0;-2;0;232;2473385875
-1;0;-2;0;233;2473385875
-1;0;-2;0;234;2473385875
-1;0;-2;0;235;2473385875
-1;0;-2;0;236;1570935560
-1;0;-2;0;237;1570935560
-1;0;-2;0;238;1570935560
-1;0;-2;0;239;1570935560
-1;0;-2;0;240;1570935560
-1;0;-2;0;241;1704628393
-1;0;-2;0;242;1704628393
-1;0;-2;0;243;1704628393
-1;0;-2;0;244;1704628393
-1;0;-2;0;245;1704628393
-1;0;-2;0;246;3743460426
-1;0;-2;0;247;3743460426
-1;0;-2;0;248;3743460426
-1;0;-2;0;249;3743460426
-1;0;-2;0;250;3743460426
-1;0;-2;0;251;501398257
-1;0;-2;0;252;501398257
-1;0;-2;0;253;501398257
-1;0;-2;0;254;501398257
-1;0;-2;0;255;501398257
-1;0;-2;0;256;183830973
-1;0;-2;0;257;183830973
-1;0;-2;0;258;183830973
-1;0;-2;0;259;183830973
-1;0;-2;0;260;183830973
-1;0;-2;0;261;2924602979
-1;0;-2;0;262;2924602979
-1;0;-2;0;263;2924602979
-1;0;-2;0;264;2924602979
-1;0;-2;0;265;2924602979
-1;0;-2;0;266;2941261924
-1;0;-2;0;267;2941261924
-1;0;-2;0;268;2941261924
-1;0;-2;0;269;2941261924
-1;0;-2;0;270;2941261924
-1;0;-2;0;271;3425919358
-1;0;-2;0;272;3425919358
-1;0;-2;0;273;3425919358
-1;0;-2;0;274;3425919358
-1;0;-2;0;275;3425919358
-1;0;-2;0;276;1654456893
-1;0;-2;0;277;1654456893
-1;0;-2;0;278;1654456893
-1;0;-2;0;279;1654456893
-1;0;-2;0;280;1654456893
-1;0;-2;0;281;3910546753
-1;0;-2;0;282;3910546753
-1;0;-2;0;283;3910546753
-1;0;-2;0;284;3910546753
-1;0;-2;0;285;3910546753
-1;0;-2;0;286;1988735676
-1;0;-2;0;287;1988735676
-1;0;-2;0;288;1988735676
-1;0;-2;0;289;1988735676
-1;0;-2;0;290;1988735676
-1;0;-2;0;291;952577427
-1;0;-2;0;292;952577427
-1;0;-2;0;293;952577427
-1;0;-2;0;294;952577427
-1;0;-2;0;295;952577427
-1;0;-2;0;296;4244821177
-1;0;-2;0;297;4244821177
-1;0;-2;0;298;4244821177
-1;0;-2;0;299;4244821177
-1;0;-2;0;300;4244821177
-1;0;-2;0;301;2891174965
-1;0;-2;0;302;2891174965
-1;0;-2;0;303;2891174965
-1;0;-2;0;304;2891174965
-1;0;-2;0;305;2891174965
-1;0;-2;0;306;3409236956
-1;0;-2;0;307;3409236956
-1;0;-2;0;308;3409236956
-1;0;-2;0;309;3409236956
-1;0;-2;0;310;3409236956
-1;0;-2;0;311;4177950005
-1;0;-2;0;312;4177950005
-1;0;-2;0;313;4177950005
-1;0;-2;0;314;4177950005
-1;0;-2;0;315;4177950005
-1;0;-2;0;316;1938610451
-1;0;-2;0;317;1938610451
-1;0;-2;0;318;1938610451
-1;0;-2;0;319;1938610451
-1;0;-2;0;320;1938610451
-1;0;-2;0;321;2439912282
-1;0;-2;0;322;2439912282
-1;0;-2;0;323;2439912282
-1;0;-2;0;324;2439912282
-1;0;-2;0;325;2439912282
-1;0;-2;0;326;1220006651
-1;0;-2;0;327;1220006651
-1;0;-2;0;328;1220006651
-1;0;-2;0;329;1220006651
-1;0;-2;0;330;1220006651
-1;0;-2;0;331;2807599640
-1;0;-2;0;332;2807599640
-1;0;-2;0;333;2807599640
-1;0;-2;0;334;2807599640
-1;0;-2;0;335;2807599640
-1;0;-2;0;336;1554213209
-1;0;-2;0;337;1554213209
-1;0;-2;0;338;1554213209
-1;0;-2;0;339;1554213209
-1;0;-2;0;340;1554213209
-1;0;-2;0;341;785474425
-1;0;-2;0;342;785474425
-1;0;-2;0;343;785474425
-1;0;-2;0;344;785474425
-1;0;-2;0;345;785474425
-1;0;-2;0;346;2205944061
-1;0;-2;0;347;2205944061
-1;0;-2;0;348;2205944061
-1;0;-2;0;349;2205944061
-1;0;-2;0;350;2205944061
-1;0;-2;0;351;3659914009
-1;0;-2;0;352;3659914009
-1;0;-2;0;353;3659914009
-1;0;-2;0;354;3659914009
-1;0;-2;0;355;3659914009
-1;0;-2;0;356;1353702338
-1;0;-2;0;357;1353702338
-1;0;-2;0;358;1353702338
-1;0;-2;0;359;1353702338
-1;0;-2;0;360;1353702338
-1;0;-2;0;361;501351430
-1;0;-2;0;362;501351430
-1;0;-2;0;363;501351430
-1;0;-2;0;364;501351430
-1;0;-2;0;365;501351430
-1;0;-2;0;366;367709426
-1;0;-2;0;367;367709426
-1;0;-2;0;368;367709426
-1;0;-2;0;369;367709426
-1;0;-2;0;370;367709426
-1;0;-2;0;371;718645441
-1;0;-2;0;372;718645441
-1;0;-2;0;373;718645441
-1;0;-2;0;374;718645441
-1;0;-2;0;375;718645441
-1;0;-2;0;376;3877144375
-1;0;-2;0;377;3877144375
-1;0;-2;0;378;3877144375
-1;0;-2;0;379;3877144375
-1;0;-2;0;380;3877144375
-1;0;-2;0;381;4094383265
-1;0;-2;0;382;4094383265
-1;0;-2;0;383;4094383265
-1;0;-2;0;384;4094383265
-1;0;-2;0;385;4094383265
-1;0;-2;0;386;2540205971
-1;0;-2;0;387;2540205971
-1;0;-2;0;388;2540205971
-1;0;-2;0;389;2540205971
-1;0;-2;0;390;2540205971
-1;0;-2;0;391;802181834
-1;0;-2;0;392;802181834
-1;0;-2;0;393;802181834
-1;0;-2;0;394;802181834
-1;0;-2;0;395;802181834
-1;0;-2;0;396;3091711687
-1;0;-2;0;397;3091711687
-1;0;-2;0;398;3091711687
-1;0;-2;0;399;3091711687
-1;0;-2;0;400;3091711687
2;985995350;1;985995350;401;1019418453
13;1487395834;11;1487395834;6;1453972733
47;818924828;48;818924828;7;835636252
64;818904300;61;818904300;8;768769002
78;3175284150;76;3175284150;9;3208708277
79;3175284150;76;3175284150;16;3158573241
82;3108408886;81;3108408886;17;3108409140
84;3108408886;81;3108408886;18;3108409145
85;3108408886;81;3108408886;20;3125120820
95;4111097585;91;4111097585;26;4144520692
124;785493241;121;785493241;27;818917370
136;935912431;137;935912431;28;919200754
138;935912431;136;935912431;29;919201522
140;935912431;136;935912431;30;902489325
147;2172534871;182;1036185742;33;1621072242
149;2172534871;182;1036185742;36;1621071478
186;1253379723;187;1253379723;37;1203244937
188;1253379723;186;1253379723;38;1203244428
189;1253379723;186;1253379723;39;1270091147
213;2506782899;211;2506782899;40;2456648371
216;3258796176;217;3258796176;41;3258796945
237;1570935560;236;1570935560;42;1604359430
275;3425919358;271;3425919358;43;3442631807
294;952577427;291;952577427;44;969289618
295;952577427;291;952577427;45;969288595
326;1220006651;327;1220006651;46;1253429756
327;1220006651;326;1220006651;48;1169872379
328;1220006651;326;1220006651;49;1169871865
330;1220006651;326;1220006651;50;1220007164
337;1554213209;336;1554213209;51;1570925145
338;1554213209;336;1554213209;52;1504078940
353;3659914009;351;3659914009;53;3643202587
366;367709426;367;367709426;54;401133040
368;367709426;366;367709426;55;317574387
47;818924828;7;835636252;56;852347676
132;1119718036;133;1119718036;58;1136429975
133;1119718036;131;1119718036;59;1153141651
178;1738068244;177;1738068244;66;1704644373
401;1019418453;1;985995350;67;952571476
7;835636252;47;818924828;68;818924318
8;768769002;61;818904300;69;735346666
9;3208708277;77;3175284150;70;3141861304
16;3158573241;77;3175284150;71;3191996087
17;3108409140;18;3108409145;72;3058275129
18;3108409145;17;3108409140;73;3058274870
20;3125120820;17;3108409140;75;3108409906
26;4144520692;93;4111097585;96;4161233394
27;818917370;122;785493241;97;768782332
28;919200754;136;935912431;98;869065455
29;919201522;28;919200754;99;935913712
33;1621072242;182;1036185742;100;1303562372
36;1621071478;182;1036185742;101;1320273025
37;1203244937;187;1253379723;102;1203245705
38;1203244428;187;1253379723;103;1236668304
39;1270091147;37;1203244937;104;1253379214
41;3258796945;218;3258796176;105;3225372816
44;969289618;291;952577427;111;919155348
45;969288595;291;952577427;112;902442643
46;1253429756;48;1169872379;115;1153160188
48;1169872379;46;1253429756;116;1203296252
49;1169871865;46;1253429756;117;1203295229
50;1220007164;46;1253429756;118;1253430524
51;1570925145;52;1504078940;119;1487367773
52;1504078940;51;1570925145;120;1504078685
54;401133040;55;317574387;126;367710451
55;317574387;54;401133040;127;367709684
132;1119718036;133;1119718036;128;1153140883
133;1119718036;131;1119718036;129;1136429975
44;969289618;291;952577427;130;986001554
56;852347676;68;818924318;141;802212127
58;1136429975;132;1119718036;142;1069582740
68;818924318;56;852347676;143;835635487
69;735346666;63;818904300;145;718635498
70;3141861304;77;3175284150;151;3108437689
71;3191996087;77;3175284150;152;3208707510
72;3058275129;73;3058274870;153;3008140858
73;3058274870;72;3058275129;154;3008140599
75;3108409906;72;3058275129;155;3074987316
96;4161233394;93;4111097585;157;4161233905
97;768782332;122;785493241;166;735358973
98;869065455;99;935913712;167;852354030
99;935913712;98;869065455;168;919202030
100;1303562372;101;1320273025;169;1286850950
101;1320273025;100;1303562372;170;1303562113
104;1253379214;102;1203245705;171;1203245707
105;3225372816;218;3258796176;172;3258796435
111;919155348;291;952577427;173;952577687
112;902442643;291;952577427;174;885730450
116;1203296252;115;1153160188;175;1136449789
117;1203295229;115;1153160188;181;1119737341
118;1253430524;115;1153160188;183;1153160188
119;1487367773;120;1504078685;184;1487368285
120;1504078685;119;1487367773;185;1487367775
126;367710451;127;367709684;191;384422132
127;367709684;126;367710451;192;317575926
69;735346666;63;818904300;193;802192618
97;768782332;122;785493241;194;785494014
128;1153140883;132;1119718036;195;1169853075
141;802212127;143;835635487;196;785499935
142;1069582740;132;1119718036;197;1036159122
143;835635487;141;802212127;198;818923295
145;718635498;63;818904300;199;718635754
151;3108437689;77;3175284150;200;3091726010
153;3008140858;154;3008140599;201;3041563960
154;3008140599;153;3008140858;202;2958006587
155;3074987316;153;3008140858;203;2991429687
166;735358973;122;785493241;204;752070905
169;1286850950;170;1303562113;206;1320274819
172;3258796435;218;3258796176;207;3225373332
173;952577687;130;986001554;208;919154067
174;885730450;291;952577427;209;935866513
175;1136449789;181;1119737341;210;1103026944
181;1119737341;175;1136449789;212;1119738107
185;1487367775;184;1487368285;226;1470657117
191;384422132;192;317575926;227;367710968
192;317575926;191;384422132;228;367710200
132;1119718036;59;1153141651;229;1169852819
169;1286850950;170;1303562113;230;1303562631
173;952577687;130;986001554;231;1002713236
175;1136449789;181;1119737341;232;1086313982
193;802192618;63;818904300;233;752057065
194;785494014;122;785493241;234;785493245
196;785499935;198;818923295;235;752077599
197;1036159122;195;1169853075;241;1052871061
198;818923295;196;785499935;242;835634975
199;718635754;193;802192618;243;701924076
200;3091726010;77;3175284150;244;3075014839
201;3041563960;202;2958006587;245;2991429944
202;2958006587;201;3041563960;246;3024853561
203;2991429687;201;3041563960;247;2974718010
204;752070905;194;785494014;248;718647034
206;1320274819;170;1303562113;249;1320275072
209;935866513;130;986001554;250;935867285
210;1103026944;183;1153160188;251;1119738108
212;1119738107;183;1153160188;252;1119738363
226;1470657117;184;1487368285;255;1487368800
227;367710968;228;367710200;256;384421883
228;367710200;227;367710968;257;334286839
173;952577687;130;986001554;258;1002712468
193;802192618;199;718635754;260;768770285
194;785494014;122;785493241;261;818917371
197;1036159122;195;1169853075;262;1069582228
206;1320274819;170;1303562113;263;1253427072
209;935866513;130;986001554;264;952577683
226;1470657117;184;1487368285;265;1420522588
229;1169852819;129;1136429975;266;1103006359
230;1303562631;170;1303562113;267;1336985475
232;1086313982;183;1153160188;268;1069602815
233;752057065;193;802192618;269;718634473
234;785493245;194;785494014;270;785494268
235;752077599;242;835634975;276;818924574
241;1052871061;195;1169853075;277;1069583254
242;835634975;235;752077599;279;735364893
243;701924076;233;752057065;280;735347177
245;2991429944;246;3024853561;281;2991430972
246;3024853561;245;2991429944;282;3008142135
247;2974718010;245;2991429944;283;2958007352
248;718647034;234;785493245;284;768782079
249;1320275072;170;1303562113;285;1320274052
250;935867285;208;919154067;286;885730963
251;1119738108;183;1153160188;287;1103026685
252;1119738363;183;1153160188;288;1086314748
255;1487368800;184;1487368285;289;1437233247
256;384421883;257;334286839;290;350999289
173;952577687;130;986001554;296;1002712468
193;802192618;233;752057065;297;785480941
209;935866513;130;986001554;298;986001809
210;1103026944;232;1086313982;299;1052890880
229;1169852819;129;1136429975;300;1103005843
256;384421883;257;334286839;302;350998010
261;818917371;270;785494268;311;752071675
262;1069582228;195;1169853075;312;1069582742
263;1253427072;170;1303562113;313;1303562112
265;1420522588;184;1487368285;314;1403811167
266;1103006359;195;1169853075;315;1086295188
268;1069602815;210;1103026944;317;1086315518
269;718634473;260;768770285;321;768770794
270;785494268;261;818917371;322;768782846
276;818924574;279;735364893;323;718653468
277;1069583254;262;1069582228;324;1086295187
281;2991430972;282;3008142135;325;2974719805
282;3008142135;281;2991430972;331;2991430968
284;768782079;261;818917371;332;768783100
285;1320274052;263;1253427072;333;1303562629
286;885730963;231;1002713236;334;952577431
287;1103026685;268;1069602815;335;1052890877
288;1086314748;268;1069602815;341;1036180479
289;1437233247;265;1420522588;343;1370387550
290;350999289;256;384421883;344;317575418
209;935866513;130;986001554;345;986001041
210;1103026944;268;1069602815;346;1103026942
265;1420522588;289;1437233247;347;1453945693
270;785494268;284;768782079;348;735358463
285;1320274052;267;1336985475;349;1270138498
290;350999289;257;334286839;350;334286841
299;1052890880;317;1086315518;352;1019469054
300;1103005843;195;1169853075;356;1086294421
302;350998010;257;334286839;357;367709688
311;752071675;270;785494268;358;718648830
312;1069582742;315;1086295188;359;1019448724
313;1303562112;267;1336985475;360;1320274560
314;1403811167;265;1420522588;361;1437235293
317;1086315518;299;1052890880;362;1036180223
321;768770794;297;785480941;365;718634474
322;768782846;270;785494268;371;785495291
324;1086295187;315;1086295188;376;1069584535
331;2991430968;283;2958007352;377;2974719542
332;768783100;270;785494268;378;752071931
334;952577431;296;1002712468;379;986001049
335;1052890877;299;1052890880;380;1069602047
341;1036180479;299;1052890880;381;1002756095
343;1370387550;314;1403811167;382;1353676896
344;317575418;257;334286839;383;267440889
265;1420522588;314;1403811167;384;1437234013
270;785494268;311;752071675;385;785495039
285;1320274052;267;1336985475;386;1353697667
299;1052890880;317;1086315518;387;1036179456
300;1103005843;195;1169853075;388;1086293905
312;1069582742;315;1086295188;389;1069582742
347;1453945693;361;1437235293;390;1387100508
348;735358463;358;718648830;391;668512768
349;1270138498;333;1303562629;392;1320273795
350;334286841;257;334286839;393;284152570
352;1019469054;346;1103026942;394;1002757629
356;1086294421;300;1103005843;396;1086294930
357;367709688;257;334286839;397;384422391
358;718648830;348;735358463;398;685224704
359;1019448724;315;1086295188;399;1002736530
360;1320274560;333;1303562629;400;1320275329
361;1437235293;347;1453945693;2;1420523872
362;1036180223;346;1103026942;11;1069603837
371;785495291;348;735358463;12;735360252
376;1069584535;359;1019448724;13;1052872857
380;1069602047;346;1103026942;14;1103025663
381;1002756095;346;1103026942;15;1019467774
382;1353676896;347;1453945693;21;1370388832
383;267440889;350;334286841;22;250729465
312;1069582742;315;1086295188;24;1103006100
376;1069584535;389;1069582742;25;1086295706
382;1353676896;384;1437234013;32;1420523358
384;1437234013;382;1353676896;34;1353675872
385;785495039;371;785495291;62;735359739
386;1353697667;333;1303562629;64;1320273797
388;1086293905;312;1069582742;65;1019448211
390;1387100508;382;1353676896;76;1320253792
391;668512768;371;785495291;78;752071421
392;1320273795;333;1303562629;79;1253428102
393;284152570;350;334286841;80;250729465
397;384422391;350;334286841;81;350999286
398;685224704;371;785495291;82;768784125
400;1320275329;333;1303562629;83;1270140037
2;1420523872;382;1353676896;84;1336964958
12;735360252;371;785495291;85;768784378
21;1370388832;384;1437234013;86;1387100514
382;1353676896;384;1437234013;87;1420522590
386;1353697667;333;1303562629;89;1336986247
387;1036179456;394;1002757629;90;1052892158
388;1086293905;315;1086295188;91;1052870804
389;1069582742;396;1086294930;92;1019447442
14;1103025663;387;1036179456;94;1069602048
15;1019467774;387;1036179456;95;969333502
25;1086295706;399;1002736530;106;986025368
62;735359739;371;785495291;107;785494778
64;1320273797;333;1303562629;108;1253428103
76;1320253792;32;1420523358;109;1320254046
78;752071421;62;735359739;110;735360250
79;1253428102;333;1303562629;114;1303563653
81;350999286;80;250729465;121;267441402
82;768784125;62;735359739;124;701936378
83;1270140037;333;1303562629;125;1303563907
84;1336964958;32;1420523358;134;1353677409
86;1387100514;32;1420523358;135;1403812190
386;1353697667;333;1303562629;137;1353697155
14;1103025663;15;1019467774;138;1069602815
15;1019467774;14;1103025663;140;1086314494
32;1420523358;34;1353675872;146;1353675872
82;768784125;85;768784378;147;718648826
90;1052892158;14;1103025663;149;1069602560
94;1069602048;14;1103025663;150;1036179711
95;969333502;14;1103025663;156;986044672
107;785494778;82;768784125;158;802206715
109;1320254046;34;1353675872;160;1286830689
110;735360250;82;768784125;161;701937659
124;701936378;82;768784125;163;735360762
135;1403812190;34;1353675872;164;1403812446
396;1086294930;91;1052870804;165;1103005842
399;1002736530;24;1103006100;176;1069583254
15;1019467774;14;1103025663;178;1086314494
24;1103006100;399;1002736530;180;1019447444
34;1353675872;87;1420522590;186;1336963677
89;1336986247;83;1270140037;188;1303562631
135;1403812190;134;1353677409;189;1320254815
146;1353675872;134;1353677409;190;1303541603
160;1286830689;134;1353677409;211;1353677152
161;701937659;147;718648826;213;651803133
163;735360762;147;718648826;215;668514553
164;1403812446;134;1353677409;216;1370389598
14;1103025663;15;1019467774;217;1086313726
15;1019467774;14;1103025663;219;1069602815
24;1103006100;65;1019448211;220;1086294931
65;1019448211;24;1103006100;221;1019447445
82;768784125;107;785494778;223;718648058
89;1336986247;108;1253428103;224;1286850952
108;1253428103;89;1336986247;237;1236717190
114;1303563653;108;1253428103;259;1220005000
150;1036179711;138;1069602815;271;1086314494
156;986044672;138;1069602815;272;969333759
188;1303562631;108;1253428103;273;1220004998
213;651803133;215;668514553;274;651803641
215;668514553;213;651803133;275;685227258
14;1103025663;15;1019467774;292;1086313726
15;1019467774;14;1103025663;293;1069602815
91;1052870804;65;1019448211;294;1069583251
186;1336963677;134;1353677409;295;1303540832
274;651803641;275;685227258;301;618380024
275;685227258;274;651803641;303;668515067
14;1103025663;15;1019467774;305;1086313726
15;1019467774;14;1103025663;306;1069602815
65;1019448211;91;1052870804;307;1069583251
91;1052870804;65;1019448211;309;1002735765
108;1253428103;114;1303563653;318;1220004484
114;1303563653;108;1253428103;319;1270139527
186;1336963677;134;1353677409;320;1286830430
259;1220005000;224;1286850952;326;1203293066
303;668515067;159;1972041176;327;1353701353
14;1103025663;15;1019467774;328;1086313726
15;1019467774;14;1103025663;329;1069602815
65;1019448211;91;1052870804;330;1069583251
91;1052870804;65;1019448211;337;1002735765
186;1336963677;134;1353677409;338;1286829149
327;1353701353;159;1972041176;339;1654514914
14;1103025663;15;1019467774;353;1086313726
15;1019467774;14;1103025663;354;1069602815
65;1019448211;91;1052870804;355;1069583251
91;1052870804;65;1019448211;364;1002735765
186;1336963677;134;1353677409;366;1286829149
237;1236717190;259;1220005000;367;1220004744
326;1203293066;259;1220005000;368;1153159048
339;1654514914;159;1972041176;369;1754787295
14;1103025663;15;1019467774;370;1086313726
15;1019467774;14;1103025663;372;1069602815
65;1019448211;91;1052870804;373;1069583251
91;1052870804;65;1019448211;374;1002735765
186;1336963677;134;1353677409;375;1286829149
259;1220005000;273;1220004998;1;1220004488
14;1103025663;15;1019467774;19;1086313726
15;1019467774;14;1103025663;35;1069602815
65;1019448211;91;1052870804;47;1069583251
91;1052870804;65;1019448211;136;1002735765
318;1220004484;273;1220004998;177;1169869187
368;1153159048;319;1270139527;182;1203293065
14;1103025663;15;1019467774;222;1086313726
15;1019467774;14;1103025663;236;1069602815
65;1019448211;91;1052870804;308;1069583251
91;1052870804;65;1019448211;336;1002735765
318;1220004484;319;1270139527;395;1186580612
319;1270139527;318;1220004484;401;1236715655
368;1153159048;326;1203293066;6;1119735944
182;1203293065;326;1203293066;7;1153158028
14;1103025663;15;1019467774;8;1086313726
15;1019467774;14;1103025663;9;1069602815
65;1019448211;91;1052870804;16;1069583251
91;1052870804;65;1019448211;17;1002735765
318;1220004484;319;1270139527;18;1186580612
326;1203293066;1;1220004488;20;1203292554
7;1153158028;368;1153159048;26;1103024265
14;1103025663;15;1019467774;27;1086313726
15;1019467774;14;1103025663;28;1069602815
65;1019448211;91;1052870804;29;1069583251
91;1052870804;65;1019448211;30;1002735765
1;1220004488;368;1153159048;33;1136446342
26;1103024265;6;1119735944;36;1103023754
14;1103025663;15;1019467774;37;1086313726
15;1019467774;14;1103025663;38;1069602815
65;1019448211;91;1052870804;39;1069583251
91;1052870804;65;1019448211;40;1002735765
1;1220004488;401;1236715655;41;1169868678
401;1236715655;1;1220004488;42;1220003721
18;1186580612;1;1220004488;43;1153158277
33;1136446342;6;1119735944;45;1069600393
36;1103023754;6;1119735944;46;1136447112
14;1103025663;15;1019467774;48;1019468029
15;1019467774;14;1103025663;49;1036179966
65;1019448211;91;1052870804;50;1069582743
91;1052870804;65;1019448211;51;1036159635
15;1019467774;37;1086313726;52;1019468028
91;1052870804;39;1069583251;53;1036160403
401;1236715655;18;1186580612;54;1236715401
18;1186580612;401;1236715655;55;1203292293
45;1069600393;20;1203292554;66;1086311305
18;1186580612;41;1169868678;61;1136446083
20;1203292554;43;1153158277;74;1136446854
43;1153158277;54;1236715401;131;1153158277
54;1236715401;43;1153158277;44;1169870214
66;1086311305;45;1069600393;56;1103023244
54;1236715401;55;1203292293;58;1186581125
55;1203292293;54;1236715401;67;1203293062
55;1203292293;54;1236715401;68;1186581125
74;1136446854;44;1169870214;70;1119735684
74;1136446854;44;1169870214;71;1119735684
44;1169870214;74;1136446854;72;1136447621
56;1103023244;44;1169870214;73;1169869964
58;1186581125;74;1136446854;75;1153158277
70;1119735684;74;1136446854;96;1069600132
44;1169870214;58;1186581125;98;1136447108
58;1186581125;44;1169870214;99;1153159045
73;1169869964;56;1103023244;100;1169869712
58;1186581125;72;1136447621;101;1119735683
75;1153158277;73;1169869964;104;1119735431
73;1169869964;98;1136447108;105;1119735686
75;1153158277;98;1136447108;111;1119735940
104;1119735431;73;1169869964;112;1169869965
75;1153158277;98;1136447108;115;1103024003
98;1136447108;99;1153159045;116;1103024515
99;1153159045;105;1119735686;117;1103024516
105;1119735686;111;1119735940;118;1086313091
117;1103024516;100;1169869712;119;1119736201
105;1119735686;111;1119735940;120;1086313091
118;1086313091;105;1119735686;126;1086313604
119;1119736201;111;1119735940;127;1153159306
120;1086313091;111;1119735940;3;1069601666
126;1086313604;111;1119735940;10;1086313859
127;1153159306;111;1119735940;253;1169870730
3;1069601666;112;1169869965;69;1086313094
10;1086313859;112;1169869965;97;1103025287
253;1169870730;112;1169869965;103;1203293583
69;1086313094;120;1086313091;128;1052890243
97;1103025287;120;1086313091;141;1069602436
103;1203293583;120;1086313091;142;1169870732
120;1086313091;3;1069601666;143;1036178817
128;1052890243;3;1069601666;145;1036179330
141;1069602436;3;1069601666;151;1103025286
142;1169870732;3;1069601666;152;1119736198
39;1069583251;40;1002735765;153;1002736786
40;1002735765;39;1069583251;154;1019448723
50;1069582743;39;1069583251;155;1103006104
51;1036159635;39;1069583251;157;1052871570
53;1036160403;39;1069583251;166;1002736786
142;1169870732;143;1036178817;167;1103024522
143;1036178817;142;1169870732;168;1136447882
145;1036179330;142;1169870732;171;1103025800
151;1103025286;142;1169870732;172;1153160328
152;1119736198;142;1169870732;174;1169870474
28;1069602815;38;1069602815;181;1036179965
172;1153160328;143;1036178817;185;1052891011
174;1169870474;143;1036178817;191;1086313861
38;1069602815;48;1019468029;192;1002756860
48;1019468029;38;1069602815;132;1019468797
49;1036179966;38;1069602815;205;1086314495
52;1019468028;38;1069602815;218;1036179709
181;1036179965;38;1069602815;169;1002756093
168;1136447882;172;1153160328;175;1103025543
172;1153160328;168;1136447882;196;1119737480
174;1169870474;168;1136447882;198;1186582413
172;1153160328;174;1169870474;199;1119736711
174;1169870474;172;1153160328;200;1136448648
198;1186582413;172;1153160328;201;1203294606
174;1169870474;198;1186582413;202;1136447882
198;1186582413;174;1169870474;203;1153159819
201;1203294606;174;1169870474;204;1220005776
153;1002736786;154;1019448723;212;969314193
154;1019448723;153;1002736786;227;986026130
155;1103006104;153;1002736786;228;1086294680
157;1052871570;153;1002736786;77;1019448465
166;1002736786;153;1002736786;59;952601745
192;1002756860;132;1019468797;194;969334267
132;1019468797;192;1002756860;197;986046204
205;1086314495;192;1002756860;206;1069603072
218;1036179709;192;1002756860;226;1019468284
169;1002756093;192;1002756860;230;952621308
198;1186582413;201;1203294606;232;1186582417
201;1203294606;198;1186582413;233;1220005777
202;1136447882;198;1186582413;234;1153159821
204;1220005776;198;1186582413;235;1220006286
202;1136447882;204;1220005776;241;1136448140
204;1220005776;202;1136447882;242;1153160077
232;1186582417;202;1136447882;243;1186582417
233;1220005777;202;1136447882;245;1169870989
234;1153159821;202;1136447882;246;1086312843
212;969314193;227;986026130;247;935891600
227;986026130;212;969314193;248;952603537
228;1086294680;212;969314193;249;1052871832
77;1019448465;212;969314193;250;986025616
233;1220005777;234;1153159821;251;1136447631
234;1153159821;233;1220005777;252;1186582675
243;1186582417;233;1220005777;255;1236717204
245;1169870989;233;1220005777;173;1186583185
246;1086312843;233;1220005777;208;1169871501
194;969334267;197;986046204;229;935911674
197;986046204;194;969334267;256;952623611
206;1069603072;194;969334267;260;1052891904
226;1019468284;194;969334267;261;986045435
230;952621308;194;969334267;262;902486779
77;1019448465;59;952601745;263;952602511
248;952603537;77;1019448465;264;969315216
250;986025616;77;1019448465;266;1036160404
251;1136447631;252;1186582675;268;1119736464
252;1186582675;251;1136447631;269;1136448401
255;1236717204;251;1136447631;276;1220005525
173;1186583185;251;1136447631;277;1153159567
208;1169871501;251;1136447631;279;1103024270
230;952621308;256;952623611;280;919199738
256;952623611;230;952621308;281;935911675
260;1052891904;230;952621308;282;1036179711
261;986045435;230;952621308;284;969333499
262;902486779;230;952621308;286;869062907
250;986025616;249;1052871832;287;986026130
263;952602511;249;1052871832;288;986026387
264;969315216;249;1052871832;289;1036160919
266;1036160404;249;1052871832;325;1036160405
268;1119736464;269;1136448401;209;1086313871
269;1136448401;268;1119736464;290;1103025808
276;1220005525;268;1119736464;297;1203294102
277;1153159567;268;1119736464;298;1136448143
279;1103024270;268;1119736464;302;1052889231
263;952602511;264;969315216;311;919180430
279;1103024270;209;1086313871;313;1052890509
280;919199738;281;935911675;314;902489082
281;935911675;280;919199738;317;952623102
282;1036179711;280;919199738;321;969334012
284;969333499;280;919199738;322;885775610
286;869062907;280;919199738;323;885775358
287;986026130;288;986026387;324;1019449494
288;986026387;287;986026130;331;986026900
289;1036160919;287;986026130;332;1019450004
325;1036160405;287;986026130;334;1036160405
209;1086313871;279;1103024270;335;1086312847
297;1203294102;279;1103024270;341;1186582673
298;1136448143;279;1103024270;343;1153159313
302;1052889231;279;1103024270;344;1069600401
311;919180430;287;986026130;231;935892366
287;986026130;288;986026387;265;952603537
298;1136448143;302;1052889231;267;1052889998
302;1052889231;298;1136448143;270;1069601935
341;1186582673;298;1136448143;283;1186582675
343;1153159313;298;1136448143;299;1136447887
344;1069600401;298;1136448143;300;1052888975
302;1052889231;341;1186582673;345;1086313102
314;902489082;317;952623102;346;902489339
317;952623102;314;902489082;347;952623359
321;969334012;314;902489082;348;935911674
323;885775358;314;902489082;349;835641339
331;986026900;332;1019450004;352;969315730
332;1019450004;331;986026900;356;986027667
231;935892366;331;986026900;357;986026901
265;952603537;331;986026900;358;969315218
331;986026900;332;1019450004;359;969315730
317;952623102;321;969334012;360;919199995
344;1069600401;267;1052889998;361;1036178575
283;1186582675;344;1069600401;362;1153158805
299;1136447887;344;1069600401;365;1103024271
300;1052888975;344;1069600401;378;1002753679
323;885775358;346;902489339;379;852353787
346;902489339;323;885775358;380;869065724
348;935911674;323;885775358;383;935910911
349;835641339;323;885775358;193;852352508
360;919199995;323;885775358;210;852352508
323;885775358;346;902489339;312;852353787
299;1136447887;300;1052888975;350;1069601679
300;1052888975;299;1136447887;376;1119735699
361;1036178575;299;1136447887;381;1086313359
365;1103024271;299;1136447887;384;1069600911
265;952603537;356;986027667;385;935892880
352;969315730;356;986027667;390;952605074
365;1103024271;362;1153158805;391;1086312848
350;1069601679;362;1153158805;392;1086313617
381;1086313359;362;1153158805;393;1153159317
384;1069600911;362;1153158805;394;1103024017
357;986026901;358;969315218;397;935892370
358;969315218;357;986026901;398;952604307
359;969315730;357;986026901;400;1002738583
385;935892880;357;986026901;2;952604050
390;952605074;357;986026901;11;919180691
380;869065724;383;935910911;12;869065724
383;935910911;380;869065724;21;885777661
193;852352508;380;869065724;22;885776383
210;852352508;380;869065724;240;852353531
312;852353787;380;869065724;258;802218747
384;1069600911;391;1086312848;315;1036178318
392;1086313617;384;1069600911;371;1052890511
393;1153159317;384;1069600911;382;1136447381
394;1103024017;384;1069600911;387;1086312591
392;1086313617;393;1153159317;388;1086313617
393;1153159317;392;1086313617;389;1103025554
394;1103024017;392;1086313617;25;1119736212
397;935892370;398;952604307;62;935892626
398;952604307;397;935892370;64;885757330
400;1002738583;397;935892370;76;969315224
2;952604050;397;935892370;78;969315477
11;919180691;397;935892370;80;919181204
387;1086312591;392;1086313617;81;1103025295
394;1103024017;315;1036178318;84;1036178318
387;1086312591;394;1103024017;85;1069601679
25;1119736212;394;1103024017;86;1136447382
81;1103025295;394;1103024017;144;1103024783
394;1103024017;315;1036178318;386;1036178318
12;869065724;21;885777661;32;852355068
21;885777661;12;869065724;79;902489088
22;885776383;12;869065724;87;869065213
240;852353531;12;869065724;90;802218491
258;802218747;12;869065724;94;835642111
62;935892626;64;885757330;95;869046416
76;969315224;62;935892626;109;935893140
78;969315477;62;935892626;110;986027159
80;919181204;62;935892626;121;919181202
85;1069601679;84;1036178318;124;1019467149
86;1136447382;84;1036178318;125;1069601937
144;1103024783;84;1036178318;396;1103024786
32;852355068;79;902489088;399;835643388
79;902489088;32;852355068;13;852355325
87;869065213;32;852355068;83;885777408
94;835642111;32;852355068;107;835642877
80;919181204;95;869046416;135;852335248
32;852355068;79;902489088;146;852355325
95;869046416;80;919181204;147;919181205
109;935893140;80;919181204;149;919181459
110;986027159;80;919181204;158;902469013
144;1103024783;386;1036178318;160;1036178829
124;1019467149;144;1103024783;161;1036179342
125;1069601937;144;1103024783;163;1119736467
396;1103024786;144;1103024783;164;1103024784
94;835642111;13;852355325;24;802220028
125;1069601937;396;1103024786;89;1069602449
396;1103024786;125;1069601937;188;1119736469
13;852355325;94;835642111;189;835642877
83;885777408;94;835642111;190;802218751
107;835642877;94;835642111;211;835642367
146;852355325;94;835642111;213;869065983
161;1036179342;125;1069601937;215;1052891281
163;1119736467;125;1069601937;216;1103025553
164;1103024784;125;1069601937;271;1119736210
135;852335248;121;919181202;92;852335249
147;919181205;121;919181202;138;902469010
149;919181459;121;919181202;223;952605332
158;902469013;121;919181202;272;902469525
164;1103024784;89;1069602449;274;1052890513
89;1069602449;164;1103024784;275;1069601423
188;1119736469;164;1103024784;301;1136448660
215;1052891281;164;1103024784;363;1069602450
216;1103025553;164;1103024784;108;1069602450
158;902469013;92;852335249;114;835623315
138;902469010;158;902469013;140;885756818
223;952605332;158;902469013;295;952605334
272;902469525;158;902469013;303;902469526
24;802220028;189;835642877;106;785508349
189;835642877;24;802220028;224;802219259
190;802218751;24;802220028;320;835643391
211;835642367;24;802220028;327;818931455
213;869065983;24;802220028;4;802220287
223;952605332;272;902469525;150;885758613
272;902469525;223;952605332;165;902469523
295;952605334;223;952605332;186;986029206
216;1103025553;274;1052890513;237;1036179089
274;1052890513;216;1103025553;338;1052889999
275;1069601423;216;1103025553;339;1119737489
301;1136448660;216;1103025553;156;1119737492
108;1069602450;216;1103025553;176;1052891283
295;952605334;140;885756818;259;885758100
165;902469523;140;885756818;366;869045137
213;869065983;106;785508349;367;785508350
301;1136448660;108;1069602450;369;1086313361
108;1069602450;301;1136448660;273;1136449428
106;785508349;213;869065983;375;818931711
224;802219259;213;869065983;178;802219774
320;835643391;213;869065983;180;835643389
327;818931455;213;869065983;318;835642878
165;902469523;150;885758613;177;919181718
237;1036179089;301;1136448660;182;1036179094
338;1052889999;301;1136448660;217;1119736465
339;1119737489;301;1136448660;220;1153161365
366;869045137;150;885758613;326;818911378
366;869045137;186;986029206;395;885758356
177;919181718;186;986029206;7;935893396
326;818911378;186;986029206;368;935894165
339;1119737489;369;1086313361;26;1069602449
369;1086313361;339;1119737489;219;1086313359
182;1036179094;339;1119737489;221;1103026325
217;1119736465;339;1119737489;33;1119737234
220;1153161365;339;1119737489;36;1103026580
327;818931455;375;818931711;342;785508607
375;818931711;327;818931455;14;802219517
178;802219774;327;818931455;65;835643648
180;835643389;327;818931455;292;818931967
318;835642878;327;818931455;294;785508608
177;919181718;326;818911378;1;852335250
326;818911378;177;919181718;6;869046679
7;935893396;177;919181718;42;952605079
368;935894165;177;919181718;46;869047449
220;1153161365;26;1069602449;15;1069602963
26;1069602449;220;1153161365;91;1086313873
221;1103026325;220;1153161365;401;1153161878
36;1103026580;220;1153161365;41;1119738518
34;1353675872;134;1353677409;293;1320253537
368;935894165;1;852335250;307;869046674
1;852335250;368;935894165;18;919182741
6;869046679;368;935894165;305;902470807
46;869047449;368;935894165;309;869047960
34;1353675872;134;1353677409;20;1320253537
318;835642878;342;785508607;61;768796927
342;785508607;318;835642878;60;785507837
14;802219517;318;835642878;43;852355071
65;835643648;318;835642878;306;835643648
294;785508608;318;835642878;330;768797184
6;869046679;42;952605079;131;885758613
46;869047449;6;869046679;328;869047195
307;869046674;6;869046679;337;902470039
309;869047960;6;869046679;45;818912667
36;1103026580;15;1069602963;55;1052891796
15;1069602963;36;1103026580;67;1069602706
401;1153161878;36;1103026580;113;1153162390
41;1119738518;36;1103026580;254;1103027094
307;869046674;309;869047960;54;835624341
309;869047960;307;869046674;68;852335251
328;869047195;307;869046674;329;902470808
337;902470039;307;869046674;355;885758614
45;818912667;307;869046674;66;802200984
41;1119738518;55;1052891796;57;1052892053
55;1052891796;41;1119738518;353;1069602963
113;1153162390;41;1119738518;364;1169874327
254;1103027094;41;1119738518;70;1103027351
61;768796927;60;785507837;139;735373566
60;785507837;61;768796927;74;752084476
43;852355071;61;768796927;71;835644160
306;835643648;61;768796927;96;802220544
330;768797184;61;768796927;354;735374336
113;1153162390;254;1103027094;373;1086315926
254;1103027094;113;1153162390;44;1103026836
45;818912667;54;835624341;285;785489560
68;852335251;45;818912667;370;818911893
329;902470808;45;818912667;374;885759899
66;802200984;45;818912667;56;802201243
254;1103027094;57;1052892053;340;1036180630
329;902470808;66;802200984;58;818912920
66;802200984;329;902470808;72;835623830
370;818911893;329;902470808;101;885759384
374;885759899;329;902470808;372;885759899
330;768797184;139;735373566;47;718662399
139;735373566;330;768797184;19;735373309
74;752084476;330;768797184;136;785508863
71;835644160;330;768797184;73;802221055
96;802220544;330;768797184;104;752086015
370;818911893;374;885759899;75;818912920
374;885759899;370;818911893;35;835623830
58;818912920;370;818911893;308;852336280
72;835623830;370;818911893;98;818912407
101;885759384;370;818911893;115;818912920
96;802220544;47;718662399;222;718662656
47;718662399;96;802220544;336;735373566
19;735373309;96;802220544;99;802220800
136;785508863;96;802220544;116;785509120
104;752086015;96;802220544;100;735374592
101;885759384;75;818912920;117;818913176
35;835623830;101;885759384;236;835623573
308;852336280;101;885759384;16;902471833
115;818912920;101;885759384;105;852336537
308;852336280;115;818912920;118;802201496
115;818912920;308;852336280;119;818912406
236;835623573;308;852336280;8;869047960
16;902471833;308;852336280;17;869048474
222;718662656;336;735373566;126;685239295
336;735373566;222;718662656;127;701950205
99;802220800;222;718662656;112;785509887
116;785509120;222;718662656;10;752086271
115;818912920;117;818913176;253;785490072
236;835623573;115;818912920;9;802200213
16;902471833;115;818912920;29;885760410
8;869047960;115;818912920;69;835624857
99;802220800;116;785509120;97;752086016
116;785509120;99;802220800;103;768796926
127;701950205;99;802220800;27;785509376
112;785509887;99;802220800;30;785509888
16;902471833;8;869047960;120;852336793
8;869047960;16;902471833;3;869047703
253;785490072;16;902471833;128;869048986
9;802200213;16;902471833;141;852336280
29;885760410;16;902471833;145;852337563
127;701950205;112;785509887;151;701951230
112;785509887;127;701950205;152;718662140
97;752086016;127;701950205;28;752086272
103;768796926;127;701950205;142;735373823
27;785509376;127;701950205;171;701951232
9;802200213;29;885760410;257;802201496
29;885760410;9;802200213;37;818912406
3;869047703;9;802200213;39;869047959
128;869048986;9;802200213;40;835624857
145;852337563;9;802200213;167;785490329
27;785509376;151;701951230;185;701951487
151;701951230;27;785509376;191;718662397
152;718662140;27;785509376;38;785509631
28;752086272;27;785509376;304;768798207
171;701951232;27;785509376;50;701951743
145;852337563;257;802201496;168;785490586
37;818912406;145;852337563;175;818912919
39;869047959;145;852337563;196;885760922
167;785490329;145;852337563;48;818914203
37;818912406;39;869047959;49;802201239
39;869047959;37;818912406;51;818912149
167;785490329;37;818912406;172;835625369
168;785490586;37;818912406;199;802201753
175;818912919;37;818912406;200;785489816
28;752086272;171;701951232;52;685239808
171;701951232;28;752086272;53;701950718
185;701951487;28;752086272;174;752087040
191;718662397;28;752086272;181;735374592
38;785509631;28;752086272;203;735375104
167;785490329;168;785490586;153;752067482
168;785490586;167;785490329;198;768778392
175;818912919;167;785490329;235;835625625
172;835625369;167;785490329;377;802202266
38;785509631;52;685239808;154;701951744
172;835625369;49;802201239;192;802201238
52;685239808;38;785509631;201;768798720
53;701950718;38;785509631;155;735374592
174;752087040;38;785509631;132;735375616
203;735375104;38;785509631;205;735375102
153;752067482;49;802201239;202;768778652
172;835625369;153;752067482;241;752067482
153;752067482;172;835625369;242;768778392
153;752067482;198;768778392;5;718644121
241;752067482;153;752067482;157;735355288
53;701950718;174;752087040;204;685240063
174;752087040;53;701950718;166;701950973
203;735375104;53;701950718;218;752086784
154;701951744;53;701950718;232;701951488
132;735375616;53;701950718;316;685240320
153;752067482;198;768778392;169;718644121
154;701951744;132;735375616;212;685240576
132;735375616;154;701951744;233;701951486
204;685240063;154;701951744;247;718663936
166;701950973;154;701951744;63;701951744
218;752086784;154;701951744;296;685240575
166;701950973;218;752086784;234;685240063
218;752086784;166;701950973;229;701950973
233;701951486;166;701950973;102;735375103
247;718663936;166;701950973;227;701952000
296;685240575;166;701950973;194;651817215
233;701951486;247;718663936;243;668528895
247;718663936;233;701951486;228;685239805
296;685240575;233;701951486;197;718664192
234;685240063;233;701951486;245;685240320
229;701950973;233;701951486;246;668528383
234;685240063;229;701950973;238;651816702
229;701950973;234;685240063;77;668527612
243;668528895;234;685240063;206;701952512
228;685239805;234;685240063;59;685240319
197;718664192;234;685240063;226;668529408
243;668528895;228;685239805;251;635105534
228;685239805;243;668528895;179;651816444
197;718664192;243;668528895;252;718664704
238;651816702;243;668528895;248;651817216
77;668527612;243;668528895;255;635105535
238;651816702;77;668527612;230;618393341
77;668527612;238;651816702;173;635104251
251;635105534;238;651816702;249;668529151
179;651816444;238;651816702;208;651816958
252;718664704;238;651816702;256;651817984
251;635105534;179;651816444;250;601682173
179;651816444;251;635105534;260;618393083
252;718664704;251;635105534;268;701953280
230;618393341;251;635105534;290;618393855
173;635104251;251;635105534;278;601682174
230;618393341;173;635104251;261;584969980
173;635104251;230;618393341;263;601680890
250;601682173;230;618393341;264;635105790
260;618393083;230;618393341;269;618393597
268;701953280;230;618393341;276;618394624
250;601682173;260;618393083;262;568258812
260;618393083;250;601682173;266;584969722
268;701953280;250;601682173;277;685241600
263;601680890;250;601682173;279;601681917
264;635105790;250;601682173;280;584971263
263;601680890;264;635105790;287;584970236
264;635105790;263;601680890;313;601681146
266;584969722;263;601680890;335;618393339
277;685241600;263;601680890;288;635105790
264;635105790;262;568258812;209;568259325
266;584969722;264;635105790;184;584969722
277;685241600;264;635105790;281;685241856
335;618393339;264;635105790;225;618394110
277;685241600;335;618393339;282;618394366
335;618393339;277;685241600;289;635105276
184;584969722;277;685241600;297;668529662
281;685241856;277;685241600;325;685242111
184;584969722;281;685241856;284;601682685
281;685241856;184;584969722;298;618393595
282;618394366;184;584969722;270;635106045
289;635105276;184;584969722;286;601681916
297;668529662;184;584969722;311;584971005
297;668529662;284;601682685;302;601683198
284;601682685;297;668529662;314;618394108
298;618393595;297;668529662;324;668529662
270;635106045;297;668529662;341;651818239
311;584971005;297;668529662;345;584971775
311;584971005;302;601683198;347;551548158
302;601683198;311;584971005;244;568259068
314;618394108;311;584971005;331;635106558
324;668529662;311;584971005;343;618394879
345;584971775;311;584971005;317;551548671
324;668529662;345;584971775;321;584971775
345;584971775;324;668529662;332;601682685
347;551548158;324;668529662;344;635107071
244;568259068;324;668529662;378;618394622
331;635106558;324;668529662;322;618395391
347;551548158;244;568259068;334;551547388
244;568259068;347;551548158;267;568260094
331;635106558;347;551548158;231;551547647
332;601682685;347;551548158;283;568260352
322;618395391;347;551548158;351;601682942
334;551547388;267;568260094;323;551547388
267;568260094;334;551547388;148;568260094
231;551547647;334;551547388;265;518123775
283;568260352;334;551547388;299;551548927
351;601682942;334;551547388;346;584970492
283;568260352;351;601682942;376;584971262
351;601682942;283;568260352;129;601683968
148;568260094;283;568260352;300;534836480
299;551548927;283;568260352;348;551549694
346;584970492;283;568260352;352;584970749
346;584970492;376;584971262;361;584970492
376;584971262;346;584970492;349;601683198
129;601683968;346;584970492;356;551547647
348;551549694;346;584970492;365;568260864
352;584970749;346;584970492;214;601681916
352;584970749;361;584970492;360;584970236
361;584970492;352;584970749;362;601682942
349;601683198;352;584970749;357;551547391
356;551547647;352;584970749;379;568260095
365;568260864;352;584970749;358;584971262
365;568260864;360;584970236;350;568259325
360;584970236;365;568260864;207;584972031
362;601682942;365;568260864;359;551548160
379;568260095;365;568260864;381;568261374
358;584971262;365;568260864;380;584971518
358;584971262;350;568259325;291;568259069
350;568259325;358;584971262;383;584971775
207;584972031;358;584971262;384;551547904
381;568261374;358;584971262;385;568261375
380;584971518;358;584971262;371;601682685
381;568261374;380;584971518;382;568260093
380;584971518;381;568261374;23;584972799
291;568259069;381;568261374;133;534836479
383;584971775;381;568261374;390;568261631
385;568261375;381;568261374;391;584972542
385;568261375;23;584972799;193;568260862
23;584972799;385;568261375;210;584973568
133;534836479;385;568261375;392;518125056
390;568261631;385;568261375;388;568262398
391;584972542;385;568261375;389;584972286
390;568261631;391;584972542;393;568260862
391;584972542;390;568261631;397;584973568
210;584973568;390;568261631;398;534838016
388;568262398;390;568261631;312;568262911
389;584972286;390;568261631;394;584972286
389;584972286;393;568260862;400;568260349
393;568260862;389;584972286;2;584973055
397;584973568;389;584972286;12;551549184
398;534838016;389;584972286;315;551550206
312;568262911;389;584972286;11;584973054
397;584973568;398;534838016;21;551549439
398;534838016;397;584973568;387;568262143
312;568262911;397;584973568;22;534838528
315;551550206;397;584973568;25;568262654
11;584973054;397;584973568;62;601684478
315;551550206;11;584973054;240;568261117
11;584973054;315;551550206;64;584973823
22;534838528;315;551550206;81;501414656
25;568262654;315;551550206;258;551551231
62;601684478;315;551550206;76;584972797
25;568262654;62;601684478;84;584973053
62;601684478;25;568262654;78;601685759
64;584973823;25;568262654;85;534838528
81;501414656;25;568262654;399;534839550
258;551551231;25;568262654;80;568262398
258;551551231;84;584973053;86;568261629
84;584973053;258;551551231;32;584974335
78;601685759;258;551551231;79;534838784
85;534838528;258;551551231;122;534839294
399;534839550;258;551551231;144;551550718
399;534839550;86;568261629;95;551550205
86;568261629;399;534839550;160;568262911
79;534838784;399;534839550;386;501415424
122;534839294;399;534839550;87;534839039
144;551550718;399;534839550;109;551550461
86;568261629;79;534838784;90;551549694
79;534838784;86;568261629;124;568262400
122;534839294;86;568261629;110;518126591
144;551550718;86;568261629;271;551551232
87;534839039;86;568261629;94;568261629
122;534839294;144;551550718;121;534838781
144;551550718;122;534839294;125;551551231
87;534839039;122;534839294;396;501415424
271;551551232;122;534839294;13;534839038
94;568261629;122;534839294;135;568261629
87;534839039;271;551551232;147;534838783
271;551551232;87;534839039;161;551550976
94;568261629;87;534839039;83;518126591
121;534838781;87;534839039;163;534839551
396;501415424;87;534839039;149;534838527
121;534838781;396;501415424;107;518126590
396;501415424;121;534838781;158;534839296
147;534838783;121;534838781;363;501414911
161;551550976;121;534838781;164;534839295
163;534839551;121;534838781;303;551550461
